
C 102-114
MIGRATION
Series C 89-119. Immigrants, by Country: 1820 to 19'70-Con.
(For years ending June 30, except: 1820.-1831 and 1844-1849 yeers ending Sept $, 1833-1842 1851 51-1867 years ending Dee. 31; 1832 covers 15 months ending Dec, 31;
1843. months ending Sept. :150, montha ending Dec, 31 1868-6 months ending June 80]
Asia
America
Turkey
Other
Canada
West
Other
Year
Total
in Asia 11
China 12
India
Japan 1s
Asia
Total
and New-
Mexico
Indies
America
foulhdland
102
108
104
105
106
109
110
111
112
113
114
1890
4,448
1,126
1,716
43
691
872
3,833
183
(18)
3,070
580
1889
1,725
593
118
59
640)
315
5,459
28
(19
41923
508
1888
843
273
26
20
404
120
5,402
15
(1H
4,880
507
1887
615
208
10
32
229
136
5,270
9
(1A)
4,876
386
1886
317
15
40
17
194
$1
3,026
17
(1s)
2,734
276
1885
198
22
B4
49
93
41,203
38,336
323
2,477
67
1884
510
279
20
199
63.339
60,626
430
2,208
75
1883
8,118
8.031
19
27
46
71.729
70.274
469
908
83
1882
39,629
391579
10
5
35
100.129
981366
366
1.291
106
1881
11,982
5
11.890
33
11
43
127,577
125,450
325
1,680
122
1880
5,839
4
5-802
21
4
8
101.692
99,744
492
1,851
105
1879
9,660
31
9,604
15
4
6
33.043
31,286
556
1.123
78
1873
9,014
7
8.992
8
IP
5
27.204
25,592
465
1,019
128
1877
10.640
3
10,594
17
19)
24,065
22.187
445
1,890
93
1876
22.943
8
22,781
25
4
125
241686
22,605
631
1.382
168
1875
16,499
1
16,437
19
3
39
261640
24,097
610
1,790
143
1874
13.838
6
13,776
17
21
18
351.,339
38,020
386
1.777
156
1873
201325
3
20.292
15
9
6
40.335
37,891
606
1,634
204
1872
7.825
L
7,788
12
17
42,205
40,204
569
1,322
110
1871
7,240
4
7,135
14
78
9
48,886
47,164
402
1,169
100
1870
16,825
-
15.740
24
48
13
42,658
40.414
463
1,679
102
1869
12.949
2
12,874
3
63
7
23.767
21,120
320
2.233
94
1868
5,171
5,157
14
3.415
2.1785
129
419
82
1867
3,961
3.863
2
67
29
241715
28.379
292
317
227
1866
2,411
2,385
17
7
2
33!582
82.150
239
895
298
1865
2,947
2.942
5
-
-
22, 778
21,586
193
851
148
1864
2,982
2,975
6
1
4,607
31636
99
718
154
1868
7,216
7.214
1
41147
3.464
96
491
96
1862
8,640
3,633
5
-
2
4,175
31275
142
685
173
1861
7,528
7,518
6
1
3
2,763
2.069
218
358
118
1380)
5,476
5,467
C
4
6,843
4,514
229
1.384
216
1859
3,461
3,457
2
5,466
4-163
265
879
159
1858
5,133
5-128
-
5.821
4,603
429
647
142
1857
5,945
5.944
6,811
5.670
133
923
85
1856
4,747
4,733
13
1
9,058
6,493
741
1,337
487
1865
3,540
3,526
6
8
9,260
7,761
420
887
19D
1854
13,100
13,100
-
8,533
6.891
446
1,086
160
1853
47
42
5
6,030
5,424
162
406
38
1852
4
7,695
6,352
72
1,282
39
1851
2
2
9,703
7,438
181
1,929
155
1850
7
:
4
15,768
9,376
597
3,171
2,624
1849
11
8
8,904
6,890
518
11073
423
1848
8
6
b
7,989
6,473
24
11338
154
1847
12
8
5,231
3.827
62
11251
91
1846
11
4
(-
5,525
3,855
222
1,351
97
1845
6
5,085
8,196
498
1,241
101
1344
6
1
2
$,740
2,711
197
771
61
1843
11
E
2,854
1,502
398
880
74
1842
7
2
1
$,994
2.078
403
1.410
103
1841
3
F
-
3,429
1,816
352
1,042
219
1840
I
I
4
8.81E
1.938
395
1,446
36
1839
3,617
1.926
353
1,289
49
1838
1
1
]
2.99(
11476
211
1,231
72
1837
11
11
3,628
11279
627
1,627
95
1838
4
4
-
4.936
2,814
798
1,178
146
1835
17
8
1
312
1,193
1,032
938
149
1834
6
6
2l779
1,020
885
791
83
1833
3
3
-
3,282
11194
7/9
1.264
45
1882
4
4
2,871
608
827
1.256
180
1831
1
1
2,194
176
692
1.281
45
1830
-
2,296
189
983
937
137
189
2
1
-
3,299
409
2,290
517
83
1828
3
3
-
2,09(
267
1,035
652
82
1827
1
1
-
58(
165
12
227
61
1326
1
1
88:
223
106
427
75
1325
1
.
841
314
6E
389
1824
1
1
-
55!
155
11f
259
1823
-
3S:
167
160
20
1922
1
1
.
371
204
E
159
10
1821
301
184
4
107
8
1820
5
1
$
38"
209
1
164
13
See footnotes at end of p. 105.
108