
INTERNATIONAL MIGRATION AND NATURALIZATION
C 89-101
Series C 89-119. Immigrants, by Country: 1820 to 1970
1843, 9 months ending Sept. 30; 1850, 15 months ending Dec. 31; 1868, 6 months ending June 30]
Europe
All
Northwestern Europe
countries
Central Europe
Eastern Europe
Southern Europe
Year
Total
Great
Ireland
Scandi-
Other
Poland
Britain
Germany
Other
U.S.S.R.
Other
Other
navia3
North-
ind Baltic
Italy
Central
Eastern
Southern
western4
States'
89
90
91
92
93
94
95
96
97
98
99
100
101
1970
373.326
110,653
14,08
1,58
2.110
6.961
10,632
2,013
1969
358,579
10,411
836
27369
114-052
15,07
1.981
2.149
1,357
33 292
5-944
10,380
129.022
2115
8,889
574
1968
454,448
26'02
27'033
2.995
4.203
1,158
38'757
9.876
16'590
3'676
974
1967
361,972
128,775
5'659
23:00
2,761
883
25'882
32 '262
4.230
9.881
16'595
323,040
41356
5:116
876
1966
115,898
18,77
899
28:487
8.267
4.549
9,045
17,654
8,490
32;566
3,972
768
878
26,447
22,047
1965
296.697
101,468
24,13
5,187
5.853
11,526
22,432
7 093
292,248
108,215
3,693
632
869
1964
26,75
6,055
5,497
10 874
9 184
11,120
24,494
71097
3-248
763
1963
306,260
109,066
22,70
12"769
5,746
5,208
1,054
10'360
11,938
24,727
6.786
3.244
591
1962
280,763
108,989
18,06
996
16:175
10:948
6118
4,716
13.117
21.477
5)660
2.533
196
271,344
753
108,532
5,738
4,943
753
18,71
20,119
14,635
25,815
11,677
6,254
2,911
996
620
18,956
8,945
1960
265,398
120,178
19.96
6,918
6,185
17.234
29,452
4,216
9,073
856
1959
138-191
761
13.369
260,686
18.32'
12.147
6.595
6.100
14,217
32.039
2.800
30.738
775
1958
115,198
9.134
726
253,265
16.804
24,14
5.873
29 498
1957
1,470
9,072
11,364
3.508
641
673
326,867
169,625
24.02
23,115
8,227
6,189
60:353
5,775
25,109
571
15.498
663
1956
321,625
156,866
558
19,00:
8.813
5,607
5,681
15,254
263
19,624
44,409
10,284
643
394
40,430
14.893
1955
237,790
110,591
15,76:
5-222
5,159
10,707
29 596
129
4,133
523
1954
208,177
134
92,121
16,07
30,272
41655
51459
11.853
8 955
33,'098
67
2,873
475
104
1953
170 434
82 352
16.63!
13,145
41304
3,720
5.537
11145
27.329
136
21885
609
86
1952
8.432
265)520
1931626
22.17
5,250
3,526
5,416
12,476
104,236
235
23.529
548
1951
205,717
14,891
137
149,545
11,342
10,004
3.144
5,502
10,978
87,755
98
10,365
555
223
8,938
7,074
1950
249,187
199,115
12 751
5.842
5,661
10.857
128,592
696
17 792
526
277
1949
188,317
129.592
21'141
12,454
8.678
3,663
6.665
12,288
55.284
1,673
7,411
694
246
11 695
1948
26,408
3,809
170,570
104.544
7.534
6,127
13,721
19)368
2,447
6,006
897
485
16:0'75
1947
147,292
4.481
83,535
23'781
21574
41918
141562
13,900
745
4.622
761
249
1946
13,866
3,550
108,721
52,852
33,551
1,816
1,278
8,651
2,598
335
511
153
98
2,636
1,224
1945
38,119
5.943
3.025
427
224
365
172
195
206
98
97
1944
213
917
28 551
41509
1,321
112
281
619
238
292
316
157
109
120
1943
23'725
944
41920
974
165
239
1.531
248
394
206
159
54
49
1942
28)781
11.153
90:
83
901
371
5,622
2,150
343
396
197
117
103
864
1941
51.776
26,541
7,711;
272
1,137
9,009
4,028
451
786
665
299
450
1,730
1940
70,756
50,454
6,151
839
1,260
7 743
21.520
702
3 628
898
491
5.302
1939
631138
3,051
1.189
1178
1,913
82.998
5'214
33'515
3,072
51334
1,021
620
6,570
1938
2.367
67,895
44,495
2.262
1,085
1,393
3'352
17:199
2.403
195
960
542
7.712
2392
1937
50.244
311863
1.72f
531
971
2(512
10,895
1,212
3:763
629
533
7.192
198A
1936
36,329
23.480
1,810
444
646
1,745
6,346
869
2,723
378
424
6,774
1,821
1985
34 966
22 778
1,415
454
688
1808
5,201
1 504
2,357
418
453
1934
6,566
29,470
1.916
17)210
1,305
443
667
1:270
41392
1032
1,422
607
347
1983
4374
23,068
971
1,461
12,888
338
511
1,046
1.919
1,332
981
458
352
3,477
991
1932
351576
20'579
2,055
539
938
1,558
21670
11296
1,749
636
592
1931
6,662
1,882
97,139
61,909
9,11(
7,305
3,144
4,420
10,401
3,604
41500
1,396
1,192
131399
3.438
1930
241,700
147,438
31,011
23,445
6,919
9 170
26.569
9,231
9 184
2 772
2159
22 327
1929
279,678
4,647
158,598
21.325
19.921
17 379
9'091
46 751
9.002
8'081
2:450
2'153
18:008
4 435
1928
307'255
158.513
19,958
25'268
16 '184
9:079
45'778
8'755
7'091
2.652
17,728
1927
1'776
4'244
335:175
168,868
23,665
28,545
16,'860
9,134
48,513
9211
6'559
2.933
1,708
17.297
3,939
1926
304,488
155-562
25,528
24'897
16,818
8,773
50,421
7,126
6,020
3,328
1.596
8,258
2,807
1925
294 314
148,366
27,172
26,650
16.810
8,548
46 068
5.,341
4,701
3,121
59,490
1,566
6,203
2186
1924
706'896
364339
17111
35 577
16'077
75'091
28,806
32 700
20 918
13173
56.246
9:150
1923
522'919
307,920
45,755
15:740
34:184
12,469
48:277
26.538
34'038
211151
16'082
46,674
7,008
1922
309556
216,386
25,158
10,579
14,626
11,149
17,981
28,635
291363
19,910
12'244
40,319
6,477
1921
805,228
652,364
51,142
28,435
22,854
29,317
6,803
95.089
77,069
10,193
32,798
222,260
76,409
1920
430,001
246 295
38,471
9.591
13 444
24,491
1,001
4.813
5.666
1,751
3,913
95,145
48 009
1919
141,132
241627
6.797
474
5:590
5,126
52
(10
53
1,403
51
1,884
3:197
1918
110,618
31,063
2,516
331
6.606
3146
447
(to)
61
4.242
93
51250
8,471
1917
295.403
133'083
10-735
5,406
13.771
6,731
1,857
(10)
1258
121716
869
34,596
45-644
1916
298,826
145,699
16,063
8,639
14,761
8,715
2,877
(10)
5,191
7,842
1,167
88,665
46,779
1915
326 700
197 919
27 237
14.,185
17.883
12,096
7 799
(10)
18,511
26,187
2 892
49,688
21,441
1914
218'480
058'391
48,729
24.688
29.391
25,591
35'734.
(10
278 152
256 660
21.'420
283'738
55,288
1918
.197.892
110551855
60,928
27,876
32 267
28.086
34.029
(10)
254'825
291'040
18,036
265'542
43,526
1912
838..172
718.875
57.148
25,879
271554
22,921
27,788
(10)
178:882
162,'395
20,925
1571134
38.249
1911
878,587
764,757
78,384
29,112
42,286
25,549
32,061
(5o)
159,057
158, 721
21,665
182,882
40,051
1910
041 570
926 291
68,941
29.855
48 267
23.852
31 283
(U0)
258 737
186 792
25 287
37.740
1909
215 537
751:786
654875
46.793
251033
32,'496
17,756
25'540
(10
170'191
120 '460
11,'659
183'218
21,729
1908
782,870
691,901
62,824
30 556
30,175
22,177
32'309
to
168,509
156 '711
27,845
128'503
32,792
1907
285,349
1,199,566
79,037
341530
49,965
26.512
37(807
tn)
338.452
258.943
36,510
285,731
52,079
1906
100,735
1,018,365
67,198
34,995
52.781
23,277
37,564
L)
265,138
216,665
18,652
273,120
291976
1905
026,499
974.273
84,189
52,945
60,625
24 693
40,574
(10)
275 693
184 897
11 022
221 479
18,156
1904
812,870
767,933
51,448
36,142
60' 096
23'321
46,380
(19)
177'156
145'141
12 '756
193 '296
22.197
1903
857,046
814,507
33,637
35,310
77'647
17'009
40,086
(10
206'011
136:093
12'600
230'622
25 492
1902
648,743
619.068
16,898
29,138
54.038
10.322
28,304
(10)
171:989
107,847
8:234
178:375
14,'43
1901
487,918
469,237
14,985
30,561
39,234
9,279
21,651
(10)
113,390
85,257
8,199
185,996
10,685
1900
448.572
424,700
12,509
35,730
31 151
5,822
18,507
(10)
114.847
90 787
6,852
100 135
8,360
1899
311,715
297,349
13-456
31,673
22'192
6,150
17,476
(10)
62,491
60'982
1,738
77'419
4772
1898
229,299
217,786
12.894
251128
19'282
4'698
17,111
4,726
39.797
29'828
11076
58'618
4'633
1897
230,832
216,397
12,752
28,421
21,089
5'323.
22.533
4,165
33,031
25;816
943
59:431
2,893
1896
343,267
329,067
24,565
40,262
38,199
7,611
31,885
691
65,103
51,445
954
68,060
5,292
1895
258,536
250,342
28.833
46 304
26 852
7,313
32 173
790
33.401
35,907
768
35,427
2 574
1894
285,631
277,052
22.520
30,'231
32 '400
91514
53,'989
1,941
38,638
39 278
1,027
42,977
4'537
1893
459 780
429.824
35,189
43.578
58:945
17,888
78,756
16,374
57,420
42'310
625
72145
6'094
1892
579,663
570,876
42,215
51,383
66,295
21.731
119,168
40,536
76'937
81:511
1,331
611631
8,138
1891
560,319
546.085
66,606
55,706
60,107
21,824
113,554
27,497
71,042
47,426
1,222
76,055
5,047
See footnotes at end of p. 106.
105