
INTERNATIONAL MIGRATION AND NATURALIZATION
C 102-114
Series C 89-119. Immigrants, by Country: 1820 to 1970-Con.
For years ending June 30, except: 1820-1831 1843, and months 1844-1849 endifig years ending 30: months 1833-1842 ending and 1861-1867 31 1868. years months ending ending Dees June 80 1832 covers 15 months ending Deo. 31;
Asia
America
Turkey
Total
Other
Year
China 12
West
in Asia 11
India
Canada
Other
Japan
Korea 14
hilippines
Asia
Total
and New-
Mexico
Indies
America
foundland
102
103
104
105
106
107
108
109
110
111
112
113
114
1970
90,215
495
6,427
8,795
4 731
8,888
30.507
80,872
161 727
26 850
44 821
1969
72.959
556
5.264
5,206
56,614
4095
5,854
20,263
31,722
164'045
29'303
45'748
1968
56.298
325
53.190
4,851
4,165
3.810
3.592
16.086
28.469
262'736
140'827
57.574
491
7.118
41716
44'716
1967
4,129
4,125
3.845
10.386
27.530
170,235
34:763
1966
40,113
43034
61'987
365
2,948
2,293
3,468
2,414
5,894
22,731
162,55:.
37,273
47,217
37,999
1965
20 040
365
1611
467
3 294
2,189
2,963
9,201
1964
21:279
331
171,01)
50 035
40 686
31141
49 157
2'684
488
3'774
2,329
2,862
8.811
24067
49'015
1968
23,242
307
158,644
51/114
34'448
1,605
965
41147
2,560
3,483
10.175
169' 963
50.509
55:986
22951
40'520
1962
20.249
304
1.366
390
4.054
1.468
$.354
9,828
155,871
44,272
56,805
20,917
34;877
1961
19,495
296
900
292
4.490
1,442
2,628
9,447
139,58)
47,470
41,476
20,520
30,114
1960
21,604
200
1 380
244
5,699
1,410
2,791
119,52;
32 708
25.259
229
9,880
1'702
46 668
13, 636
26 513
1969
351
6,248
1,614
2,503
12.612
93.061
34'599
22:909
12.109
28'444
1958
20.870
197
1'143
323
6,847
1.470
2,034
8'856
45'143
26,791
16'983
1967
20,008
77
2'098
113,132
196
6,829
677
24215
1,874
8357
18,362
20:123
1956
17,327
48
49,321
1886
185
5,967
579
1,792
7,870
184,766
48)868
61,320
19,512
21,618
1955
10,935
54
568
194
4,150
263
1,598
4,108
110 436
32.435
43,702
12 876
1964
9,970
33
21423
254
144
3,846
175
1.284
4284
96'587
34 873
13
30,646
8;411
21'658
1953
8,231
528
104
2,579
75
1.074
3'858
9,828
77'650
36'283
17.183
263
123
8,814
47
8,628
15'556
1952
12
1,179
3'890
3
9079
6,672
11944
1951
7,149
335
109
271
21
3,228
$,182
41.649
98,880
6,158
5,902
9,696
1950
4,508
13
1280
121
100
24
729
2,241
44 191
21 885
6 744
6 206
9.356
1949
7.595
40
8'415
175
529
99
1,157
2,240
49(334
25)156
8,083
6,733
9,862
1948
11,907
16
7,203
263
423
44
1,168
2,790
62,746
25,485
11946
1947
22
3,384
6,932
6.733
3,191
432
131
910
2,041
52,753
24,342
7,558
6,728
14,125
1946
2,108
16
252
425
14
475
926
46,066
91344
7,146
6,878
11,698
1945
461
13
71
103
1
19
254
29,646
1944
15
11, 530
6 702
5,452
5.962
231
50
41
4
117
23,084
10,143
6'598
3,198
3'145
1948
342
36
65
71
20
8
142
18,162
9,761
4'172
2'312
1'917
1942
615
31
179
36
44
51
274
16,377
10.599
2378
11599
1(801
1941
1,971
16
1,003
94
289
170
899
22,445
11473
2,324
4,687
3,461
1940
2,050
7
643
52
102
137
1.109
17, 822
11,078
2 313
2,675
1939
2281
15
1756
642
36
102
119
1,287
17,139
10'813
2'640
2,231
1'455
1938
2:492
11
613
34
93
116
1.625
20.486
14'404
2'502
2,110
1:470
1937
1,149
13
293
47
132
84
580
16,908
12:011
2347
1,822
1,223
1936
793
20
278
13
91
72
824
11,786
8,121
1,716
985
964
1935
682
31
229
32
88
(16)
302
11 174
7,782
1560
931
901
1984
597
22
187
28
86
274
11:409
7,945
1,801
861
802
1938
552
27
148
44
15
2SB
9,925
6,187
1.936
862
940
1932
1,931
43
750
87
526
525
12.577
8,002
2,171
1,029
1874
1981
3,345
139
1,150
123
653
1,280
30,816
22)182
3,333
2,496
2,804
1980
4 535
118
1589
110
831
1,881
88,104
66,264
12 703
5 225
4 922
1929
3'758
70
1'446
102
771
1,368
116,177
66.451
40;154
4306
5'266
1928
3'380
80
1'320
102
55d
1,328
144,281
75,28.
59,016
4,058
5(926
1927
3)669
73
1,471
102
723
1,300
161,872
84,58(
67.721
4,019
5,562
1926
8,413
37
1,781
98
654
878
144,393
93,361
43,316
3,222
4,487
1925
3.578
51
1937
65
728
802
141 496
L02.75:
32.964
2,106
3,673
1924
22 065
2 820
6'992
18
8,801
3,269
318'855
200,69
89.886
17.65E
11,270
1928
13'705
2,183
4'986
26
5,809
470
199:972
117,01
63,76%
18,181
6012
1922
14,263
1,998
4,406
86(
6.716
788
77,448
46,81
19,551
7,445
3,638
1921
26,034
11,735
4,001
51
7,878
901
124,118
72,31
80,758
18,77
7,269
1920
17 505
5,038
2,33(
300
9,492
410
162 666
90,025
52.36
13,80
6 472
1919
12'674
1)
1,98
171
10,064
456
102,286
57.782
29.81
8 82
5,860
1918
12'701
48
1.791
130
10.218
520
85,418
32.452
18' 52
8:87
6,568
1917
12;756
393
2.23
109
8.991
1,026
147,779
106.399
17.86
15.50
9,004
1916
13,204
1,670
2,46
112
8,680
282
137,424
101,551
18,42
12,02
5,421
1915
15 211
3,548
2.66
161
8,613
234
ill,206
82.215
12,34
11.59
5 053
1914
34'273
21,716
2,50:
221
8,929
905
122,695
86.139
14'61
14,4
7(491
1913
35'358
28,955
2.10
179
8,281
838
103,907
73,802
11'92
12.48
5,721
1912
21'449
12.788
1.76
175
6.114
607
95,926
55.990
23.28
12,4E
4.231
1911
17,428
10,229
1,461
524
4,520
695
94,364
56,830
19,88
13,C
4,242
1910
23 533
16,212
1,96
1,696
2,720
1,937
89 534
56 555
18.65
11,24
3044
1909
12'904
7'606
1,94
203
8,111
141
82'208
51'941
16.28
11,18
2'836
1908
28:365
9,753
1,39
1,040
15,808
372
59:997
38'510
6,06
11,88
3'532
1907
40,524
8.058
96
898
80,226
386
41.762
19:918
1.4(
16.68
3.749
1906
22,300
6,354
1,64
216
13,835
351
24.613
5,068
1,99
13,6{
3,897
1905
23,925
6,167
2 16
190
10,331
5,081
25,217
2,168
268
16 64
3 771
1904
26.186
5,285
4130
261
14,264
2,117
16.420
2.837
1:0c
10'15
2,381
1908
29.966
7.118
2.20
94
19,968
577
11023
1,068
52
8'11
1267
1902
22,271
6,223
1.64
93
14,270
86
6,698
636
70
4171
642
1901
13,593
5,782
2,40
22
5,269
61
4,416
540
34
817
353
1900
17 946
3,962
1,24
9
12.685
93
5,455
396
23
4,65
166
1899
8'972
4,486
1,66
17
2,844
15
4 316
1,322
16
2.58
248
1898
8'631
4'275
2'07
2,230
61
2'627
352
10
2'12
44
1897
9'662
4,732
3,36
-
1,526
41
4)537
291
9
4.10
54
1896
6,764
4139
1,44
-
1,110
74
7,303
278
15
8,82
47
1895
4,493
2,767
53
1,150
39
3,508
244
11
3.09
52
1894
4.60
-
1,17
-
1.931
1,589
8.551
194
10
3.17
71
1898
2,892
-
47
1,880
540
(1593
(17)
(14)
2.59
1892
3(082
(ur)
(18)
(1f)
(If)
1891
7.678
2,488
2,88
42
1.186
1,176
234
(16)
3,90
942
See footnotes at end of P. 109.
107