
IITERNATIONAL MIGRATION AND NATURALIZATION
C 115-119
Series C 89-119. Immigrants, by Country: 1820 to 1970-Con.
[For years ending June 30, except: 1820-1831 and 1844-1849, years ending Sept. 30; 1833-1842 and 1851-1867, years ending Dec. 31; 1832 covers 15 months ending Dee. 31;
1843, 9 months ending Sept. 30; 1850, 15 months ending Deo. 81; 1868, 6 months ending June 30!
Australasia
Australasia
AIl
oAllr
Africa,
other
Africa
total
Australia
Other
countries
total
Australia
Other
countries
Year
Total
and New
Pacific
Year
Total
and New
Pacific
Zealand
Islands
Zealand
Islands
115
116
117
118
119
115
116
117
118
119
1970
7,099
3,632
2,693
939
1895
36
155
155
1969
4.460
3,06:
2,278
788
2
1894
24
244
244
70
1968
3,220
3,17
2,374
798
1893
(17)
248
248
Iin
5.173
1967
2.577
2,81
2.128
683
1892
(17)
267
267
(17
8,520
1966
1,967
2,50(
1,894
606
11
1891
108
1,301
777
524
7n
1965
1.949
2.199
1.803
396
22
1890
112
1,167
699
468
62
1964
2,015
2.07(
1,767
303
25
1889
187
2.196
1,000
1,196
70
1963
1.982
1.97:
1,642
335
27
1888
65
2.387
697
1,690
61
1962
1,834
1.815
1,427
392
1
1887
40
1,282
528
754
73
1961
1,851
1.881
1,556
325
5
1886
122
1,136
522
614
73
1960
1,925
2,14(
1.892
248
26
1885
112
679
449
230
71
1959
1.992
2,162
1,878
284
21
1884
59
900
502
398
98
1968
2,008
2,041
1.783
262
12
1883
67
747
554
193
79
1957
1,600
1,45E
1,228
230
16
1882
60
889
878
11
99
1956
1,351
1,346
1,171
175
22
1881
33
1.191
1,188
3
103
1955
1.203
1,028
932
96
3,597
1880
18
964
953
1
63
1954
1,248
910
840
65
8,341
1879
12
816
813
3
36
1953
989
782
742
40
430
1878
18
606
606
15
1952
931
57E
545
33
8
1877
16
914
912
2
27
1951
845
527
490
37
20
1876
89
1,312
1,205
107
36
1950
849
517
460
57
1875
54
1,268
1.104
164
76
1949
995
776
661
115
25
1874
58
1,193
960
233
128
1948
1,027
1.336
1.218
118
10
1878
28
1.414
1,135
279
160
1947
1,284
2,960
2,821
139
27
1872
41
2,416
2,180
236
164
1946
1,316
6,106
6,009
97
73
1871
24
21
18
3
85
1945
406
1,663
1,625
38
1870
31
86
36
27
1944
112
615
577
38
1869
72
17
1943
141
160
120
40
1868
3
161
1942
473
163
120
43
1867
25
3,270
1941
564
255
194
61
1866
33
3,626
1940
202
228
207
21
1865
49
8,298
1939
218
222
213
9
1864
37
559
1938
174
248
228
20
1863
3
1,183
1987
155
174
145
29
1862
12
448
1936
105
165
147
18
1861
47
380
1935
118
141
132
9
63
1860
126
486
1934
104
147
130
17
3
1859
11
1,395
1933
71
137
122
15
1858
17
801
1982
186
303
291
12
1857
25
22.301
1931
417
602
616
36
1856
6
542
1980
572
1,051
1,026
25
1855
14
334
1929
509
636
619
17
1854
658
1928
475
606
578
28
1853
8
984
1927
520
746
712
34
1852
1,420
1926
529
591
556
85
1851
3
248
1925
412
462
416
46
1850
45.882
1924
900
679
635
44
58
1849
3
1,605
1928
548
759
711
48
15
1848
10
495
1922
520
915
855
60
25
1847
608
1921
1,301
2,281
2,191
90
130
1846
1
2,564
1920
648
2,185
2,066
119
702
1845
4
25
1919
189
1,310
1,234
76
46
1844
14
110
1918
299
1.090
925
165
47
1843
6
612
1917
566
1142
1,014
128
77
1842
3
616
1916
894
1,574
1,484
90
31
1841
14
627
1915
934
1.399
1.282
117
31
1840
6
118
1914
1,539
1446
1,336
110
136
1839
10
294
1913
1.409
1,840
1.225
111
23
1838
10
1,843
1912
1,009
898
794
104
15
1837
2
4,660
1911
956
1,043
984
59
89
1886
6
831
1910
1.072
1,097
998
99
43
1835
14
44
1909
858
892
839
53
49
1884
5.069
1908
1,411
1.179
1,098
81
17
1833
I
26.243
1907
1,486
1.989
1,947
42
22
1882
2
23,412
1906
712
1,733
1,682
51
33,012
1831
2
7,397
1905
757
2.166
2,091
75
161
1830
2
13,807
1904
686
1.555
1.461
94
90
1829
1
6,696
1903
176
1,349
1,150
199
25
1828
6
654
1902
37
566
384
182
108
1827
4
1,571
1901
173
498
325
173
1
1826
254
1900
30
428
214
214
13
1825
1
808
1899
51
810
456
354
217
1824
2,387
1898
48
201
153
48
1823
1,956
1897
37
199
139
60
1822
2,114
1896
21
112
87
25
1821
2
2,886
1820
1
301
Represents zero.
Is Prior to 1920, Canada and Newfoundland were recorded as British North America.
11 No record of immigration from Turkey in Asia until 1869.
16 Philippines included in "All other countries" prier to 1986.
12 Beginning 1957 includes Tawan.
:7 Included in 'All other countries.
1a No record of immigration from Japar: until 1861.
1B No record of immigration from Mexico for 1886 to 1893
14 No record of immigration from Korea prior to 1948.
19 Includes 32,897 persons returning to their homes in the United States.
109